373
374
374
451
432
314
334
389
463
463
374
409
409
314
408
481
476
391
326
409
409
298
383
481
476
391
345
345
340
312
383
317
392
329
282
390
400
372
294
326
371
371
343
390
400
496
496
378
371
384
384
340
366
432
432
396
330
323
354
338
379
400
430
430
586
499
555
579
579
552
440
470
586
455
555
431
452
426
370
470
469
485
485
552
552
489
497
470
487
501
501
482
489
489
497
374
506
506
501
440
445
461
390
376
504
413
428
391
516
516
517
517
483
461
535
473
363
432
432
475
368
461
461
473
605
605
558
558
595
507
506
506
519
425
412
489
507
507
506
584
584
488
465
489
593
478
410
584
584
488
414
419
493
364
437
431
431
439
439
414
532
628
628
455
386
436
343
343
557
473
410
515
424
474
509
509
443
435
514
515
480
630
630
509
546
526
479
480
480
630
630
530
711
594
550
673
673
449
386
601
711
505
550
581
441
420
492
487
595
505
483
574
506
423
562
487
604
544
471
592
592
633
562
466
641
562
471
592
592
509
548
548
574
562
439
433
433
522
621
621
495
500
585
547
547
633
633
621
492
500
500
416
582
565
565
684
